
Array Size = 52
    21    72    70    12    53     4     9    69    84    44
    54    18    57    18    48    49    58    66    46    11
    49    63    84    14    99    12    85    53    81    68
    65    52    73    24    97     1    43    26    84    92
    60    62    43     0    17    66    58    61    31    50
    19    15

Array Size = 40
  1003  1007  1009  1009  1011  1012  1015  1015  1016  1022
  1023  1024  1025  1032  1040  1041  1043  1043  1044  1044
  1049  1055  1064  1064  1065  1068  1069  1070  1073  1076
  1080  1083  1083  1085  1087  1088  1088  1094  1095  1099


Array Size = 60
  2099  2057  2037  2008  2081  2001  2071  2036  2075  2071
  2099  2070  2051  2010  2015  2087  2035  2089  2096  2056
  2077  2073  2099  2074  2019  2090  2083  2067  2096  2072
  2093  2090  2041  2042  2043  2006  2032  2009  2053  2020
  2048  2092  2060  2021  2002  2027  2072  2098  2034  2076
  2072  2032  2092  2049  2073  2029  2015  2039  2078  2056


Array Size = 54
  3000  3000  3002  3003  3004  3006  3007  3013  3014  3016
  3016  3017  3018  3021  3021  3022  3028  3029  3033  3034
  3034  3039  3039  3039  3041  3042  3048  3050  3052  3054
  3059  3059  3059  3062  3063  3066  3067  3068  3069  3069
  3071  3071  3074  3077  3077  3083  3085  3088  3089  3089
  3091  3092  3093  3094

Array Size = 54
  4050  4051  4006  4061  4057  4029  4009  4024  4049  4075
  4042  4083  4067  4071  4025  4065  4037  4024  4001  4081
  4020  4098  4097  4055  4074  4054  4031  4066  4035  4069
  4029  4001  4028  4078  4094  4051  4066  4032  4022  4086
  4080  4078  4026  4025  4032  4029  4062  4077  4062  4046
  4098  4072  4037  4096

Array Size = 44
  5000  5003  5006  5012  5015  5016  5018  5019  5020  5022
  5027  5027  5039  5043  5046  5046  5050  5050  5051  5057
  5059  5062  5062  5063  5064  5067  5069  5069  5069  5072
  5073  5074  5076  5076  5081  5082  5086  5086  5087  5089
  5095  5096  5097  5097

Array Size = 14
  6028  6019  6060  6083  6089  6096  6034  6061  6009  6004
  6046  6049  6086  6062

Array Size = 18
  7006  7011  7012  7024  7029  7036  7039  7043  7046  7060
  7062  7068  7076  7077  7082  7087  7095  7098

Array Size = 41
  8060  8034  8069  8063  8098  8024  8096  8099  8011  8019
  8056  8049  8016  8022  8010  8096  8004  8057  8068  8098
  8063  8037  8086  8051  8075  8031  8090  8020  8096  8049
  8046  8055  8000  8043  8066  8026  8020  8040  8023  8092
  8018

Array Size = 43
  9008  9012  9014  9015  9017  9017  9019  9019  9020  9026
  9028  9028  9036  9038  9040  9042  9043  9047  9048  9050
  9052  9052  9053  9053  9054  9055  9058  9062  9064  9065
  9067  9067  9070  9072  9075  9077  9078  9081  9092  9094
  9096  9099  9099

Array Size = 23
 10097 10073 10053 10060 10045 10078 10061 10045 10021 10084
 10070 10062 10012 10089 10026 10073 10037 10031 10031 10072
 10048 10018 10005

Array Size = 76
 11000 11001 11001 11002 11002 11003 11003 11004 11005 11006
 11014 11015 11016 11016 11016 11019 11019 11019 11020 11020
 11020 11021 11021 11023 11023 11024 11026 11027 11028 11029
 11029 11031 11031 11034 11039 11040 11040 11042 11046 11048
 11048 11051 11054 11055 11055 11056 11056 11058 11058 11062
 11064 11065 11067 11068 11069 11069 11071 11077 11077 11080
 11080 11082 11083 11084 11084 11084 11092 11092 11093 11093
 11093 11095 11096 11098 11099 11099

Array Size = 21
 12058 12037 12082 12074 12040 12029 12084 12027 12035 12051
 12099 12093 12071 12029 12046 12021 12003 12068 12037 12018
 12057

Array Size = 46
 13006 13006 13008 13008 13010 13014 13014 13017 13018 13020
 13020 13021 13023 13023 13023 13029 13030 13031 13033 13033
 13034 13037 13037 13046 13053 13054 13055 13055 13056 13060
 13062 13066 13066 13067 13068 13070 13070 13073 13078 13081
 13084 13086 13087 13088 13092 13096

Array Size = 89
 14023 14078 14033 14037 14074 14074 14030 14028 14086 14089
 14099 14075 14039 14051 14061 14007 14051 14042 14076 14035
 14069 14001 14086 14008 14027 14006 14064 14008 14017 14073
 14096 14056 14042 14057 14033 14057 14042 14064 14047 14029
 14040 14045 14062 14069 14088 14005 14089 14010 14061 14072
 14050 14049 14005 14048 14032 14078 14049 14086 14054 14091
 14080 14035 14065 14044 14042 14083 14019 14052 14020 14084
 14072 14065 14019 14087 14029 14010 14048 14052 14064 14084
 14004 14066 14054 14085 14021 14079 14002 14088 14023

Array Size = 21
 15000 15010 15013 15020 15023 15024 15032 15033 15040 15042
 15053 15063 15070 15070 15072 15075 15079 15081 15092 15092
 15095

Array Size = 52
 16031 16094 16041 16029 16050 16046 16054 16010 16028 16044
 16096 16093 16018 16022 16053 16039 16079 16077 16019 16079
 16040 16032 16045 16056 16070 16033 16012 16067 16089 16046
 16070 16069 16002 16033 16001 16088 16078 16012 16052 16077
 16092 16044 16007 16092 16099 16017 16050 16089 16060 16032
 16049 16099

Array Size = 42
 17002 17004 17008 17010 17013 17013 17013 17014 17015 17015
 17015 17017 17019 17020 17021 17022 17023 17027 17028 17037
 17039 17041 17042 17043 17044 17057 17060 17062 17063 17064
 17067 17078 17079 17081 17086 17088 17094 17095 17097 17098
 17099 17099

Array Size = 91
 18096 18016 18091 18093 18015 18098 18099 18006 18074 18046
 18093 18005 18050 18071 18091 18082 18059 18058 18094 18034
 18037 18090 18068 18044 18098 18090 18035 18088 18039 18089
 18066 18020 18035 18093 18065 18003 18008 18048 18067 18014
 18053 18064 18084 18072 18070 18062 18041 18042 18097 18046
 18083 18063 18021 18038 18000 18053 18008 18059 18090 18003
 18076 18016 18000 18014 18011 18032 18053 18019 18052 18069
 18007 18079 18026 18089 18038 18061 18095 18049 18070 18002
 18001 18095 18007 18010 18020 18047 18096 18075 18048 18085
 18081

Array Size = 70
 19001 19001 19010 19012 19013 19014 19016 19018 19018 19018
 19019 19020 19021 19024 19024 19025 19027 19030 19030 19031
 19031 19033 19033 19034 19036 19038 19039 19042 19042 19044
 19045 19046 19046 19046 19051 19053 19056 19057 19057 19058
 19061 19061 19064 19067 19067 19067 19069 19069 19072 19074
 19075 19075 19076 19076 19082 19082 19083 19084 19084 19084
 19088 19088 19088 19089 19090 19096 19098 19099 19099 19099


Array Size = 73
 20014 20022 20025 20035 20068 20077 20057 20094 20060 20037
 20028 20000 20024 20075 20039 20066 20039 20046 20058 20023
 20005 20018 20009 20007 20028 20073 20052 20000 20010 20061
 20074 20098 20009 20054 20077 20066 20016 20002 20069 20058
 20084 20043 20016 20048 20034 20085 20034 20007 20084 20085
 20040 20031 20034 20013 20018 20027 20035 20054 20083 20088
 20037 20002 20033 20069 20094 20016 20017 20008 20035 20097
 20034 20055 20065

Array Size = 89
 21000 21002 21003 21004 21005 21005 21007 21007 21008 21011
 21012 21013 21014 21014 21016 21016 21018 21019 21020 21020
 21021 21022 21028 21030 21030 21031 21031 21033 21036 21040
 21041 21041 21041 21045 21045 21045 21046 21048 21049 21051
 21052 21053 21054 21055 21058 21058 21060 21060 21061 21062
 21063 21064 21065 21066 21067 21068 21068 21069 21069 21070
 21072 21078 21078 21078 21078 21081 21081 21082 21082 21085
 21085 21086 21088 21089 21090 21092 21093 21094 21095 21095
 21095 21095 21096 21097 21097 21098 21098 21099 21099

Array Size = 28
 22040 22042 22096 22017 22065 22039 22064 22049 22094 22037
 22018 22037 22021 22066 22051 22035 22044 22052 22046 22052
 22037 22015 22028 22026 22066 22037 22018 22044

Array Size = 90
 23000 23001 23001 23003 23005 23006 23007 23008 23008 23009
 23010 23015 23016 23017 23019 23022 23024 23025 23026 23028
 23029 23029 23029 23030 23030 23032 23033 23035 23035 23036
 23036 23036 23037 23038 23038 23039 23039 23041 23042 23043
 23045 23051 23051 23052 23052 23054 23055 23058 23059 23059
 23059 23062 23065 23068 23069 23070 23072 23073 23074 23075
 23076 23077 23077 23079 23080 23080 23080 23080 23081 23082
 23085 23087 23087 23089 23090 23091 23092 23092 23094 23094
 23095 23095 23095 23096 23096 23097 23098 23098 23098 23099


Array Size = 24
 24021 24068 24085 24064 24020 24096 24025 24040 24021 24019
 24001 24083 24084 24002 24015 24023 24057 24079 24032 24095
 24059 24004 24091 24098

Array Size = 43
 25008 25009 25009 25009 25009 25010 25011 25013 25022 25026
 25028 25030 25030 25031 25036 25038 25043 25044 25045 25046
 25047 25052 25052 25057 25058 25060 25061 25062 25069 25070
 25070 25077 25077 25078 25079 25080 25084 25087 25091 25091
 25094 25094 25098

Array Size = 44
 26013 26014 26093 26082 26055 26085 26074 26015 26053 26029
 26041 26006 26097 26007 26031 26039 26067 26028 26094 26079
 26023 26083 26043 26086 26073 26008 26009 26037 26017 26064
 26063 26033 26039 26057 26086 26041 26025 26046 26052 26004
 26034 26038 26042 26004

Array Size = 93
 27003 27003 27004 27006 27006 27007 27007 27008 27008 27009
 27010 27011 27012 27013 27013 27013 27015 27015 27015 27016
 27017 27020 27020 27021 27022 27022 27023 27026 27027 27027
 27028 27029 27031 27032 27033 27035 27035 27036 27036 27037
 27038 27039 27040 27040 27041 27041 27045 27045 27048 27049
 27049 27050 27051 27051 27054 27056 27058 27058 27059 27060
 27061 27061 27061 27067 27069 27070 27070 27070 27070 27070
 27071 27075 27076 27079 27079 27079 27081 27083 27084 27087
 27088 27088 27089 27089 27090 27090 27090 27093 27094 27095
 27097 27098 27099

Array Size = 92
 28049 28037 28025 28030 28068 28023 28077 28026 28009 28050
 28067 28014 28094 28075 28082 28078 28026 28077 28007 28019
 28057 28067 28010 28002 28035 28072 28012 28092 28096 28057
 28041 28096 28029 28015 28015 28039 28050 28083 28098 28033
 28079 28085 28017 28028 28012 28098 28048 28025 28084 28059
 28042 28099 28045 28042 28021 28034 28008 28095 28023 28001
 28099 28040 28071 28097 28004 28025 28090 28086 28029 28088
 28016 28015 28047 28073 28085 28095 28019 28067 28078 28097
 28025 28002 28069 28003 28083 28090 28082 28096 28046 28093
 28084 28029

Array Size = 60
 29000 29001 29002 29011 29017 29018 29019 29021 29021 29023
 29024 29027 29032 29033 29034 29036 29038 29039 29039 29042
 29042 29043 29043 29044 29046 29048 29050 29052 29054 29054
 29056 29057 29058 29059 29060 29062 29063 29067 29070 29071
 29071 29071 29072 29076 29078 29078 29078 29080 29082 29083
 29084 29085 29087 29088 29090 29092 29094 29095 29099 29099


Array Size = 55
 30026 30032 30008 30094 30061 30000 30002 30051 30072 30098
 30062 30047 30097 30043 30002 30082 30016 30068 30091 30040
 30056 30005 30041 30088 30096 30056 30075 30063 30097 30024
 30084 30006 30028 30076 30092 30030 30009 30049 30011 30061
 30028 30008 30008 30024 30012 30062 30053 30058 30053 30098
 30001 30075 30019 30035 30016

Array Size = 46
 31006 31013 31013 31015 31016 31017 31021 31022 31022 31024
 31024 31027 31034 31037 31037 31038 31039 31039 31039 31045
 31046 31048 31048 31048 31050 31052 31059 31059 31060 31060
 31065 31069 31073 31073 31074 31074 31075 31076 31079 31082
 31083 31087 31094 31098 31098 31099

Array Size = 75
 32055 32081 32009 32023 32051 32004 32023 32016 32044 32084
 32024 32055 32087 32003 32049 32006 32021 32056 32064 32065
 32042 32001 32017 32042 32038 32064 32004 32026 32027 32086
 32098 32082 32030 32036 32084 32007 32092 32097 32074 32053
 32037 32018 32017 32083 32042 32079 32069 32061 32024 32024
 32038 32037 32096 32028 32033 32048 32098 32094 32079 32060
 32063 32011 32056 32091 32045 32083 32072 32019 32034 32012
 32019 32032 32020 32006 32026

Array Size = 68
 33000 33002 33003 33006 33007 33007 33009 33010 33013 33014
 33015 33015 33019 33021 33022 33023 33023 33026 33026 33027
 33027 33030 33030 33031 33032 33033 33033 33033 33035 33036
 33039 33040 33043 33047 33049 33053 33054 33055 33055 33058
 33060 33065 33065 33065 33071 33072 33072 33072 33072 33074
 33077 33079 33082 33085 33086 33088 33088 33088 33089 33089
 33090 33090 33092 33092 33093 33096 33097 33099

Array Size = 96
 34010 34010 34020 34070 34072 34056 34043 34037 34052 34084
 34050 34055 34005 34025 34054 34095 34062 34098 34015 34001
 34085 34046 34032 34028 34005 34028 34052 34005 34008 34036
 34095 34030 34097 34091 34019 34009 34066 34076 34093 34009
 34019 34062 34029 34031 34012 34056 34014 34005 34014 34028
 34073 34091 34084 34086 34057 34032 34058 34027 34027 34090
 34034 34011 34028 34043 34079 34009 34070 34000 34052 34080
 34057 34032 34014 34030 34000 34033 34006 34059 34076 34084
 34009 34028 34071 34080 34070 34044 34095 34094 34014 34008
 34074 34003 34074 34006 34023 34046

Array Size = 48
 35000 35000 35001 35005 35005 35005 35006 35007 35010 35011
 35011 35013 35016 35018 35021 35021 35022 35022 35023 35024
 35024 35025 35027 35030 35034 35041 35051 35052 35054 35057
 35058 35062 35064 35065 35066 35071 35073 35075 35078 35080
 35090 35090 35091 35092 35092 35095 35096 35098

Array Size = 45
 36039 36059 36083 36090 36002 36070 36018 36040 36035 36023
 36001 36012 36093 36005 36091 36025 36064 36040 36011 36038
 36008 36057 36021 36069 36086 36015 36017 36076 36025 36098
 36042 36079 36054 36099 36003 36015 36020 36015 36086 36080
 36048 36093 36091 36095 36055

Array Size = 44
 37010 37013 37013 37014 37017 37017 37019 37021 37022 37023
 37023 37027 37027 37032 37032 37038 37039 37041 37042 37046
 37050 37052 37053 37058 37058 37059 37064 37067 37067 37068
 37071 37071 37073 37074 37074 37075 37076 37080 37081 37082
 37082 37094 37094 37095

Array Size = 40
 38046 38007 38059 38008 38057 38071 38074 38026 38052 38036
 38071 38061 38004 38043 38058 38041 38077 38092 38057 38060
 38090 38094 38034 38029 38069 38089 38051 38020 38000 38065
 38051 38023 38070 38037 38068 38033 38063 38002 38089 38053


Array Size = 25
 39005 39011 39014 39016 39017 39017 39030 39031 39033 39034
 39038 39039 39046 39047 39048 39049 39058 39077 39080 39084
 39086 39087 39088 39091 39099

Array Size = 65
 40033 40073 40076 40065 40023 40073 40030 40086 40085 40055
 40031 40022 40024 40096 40031 40005 40030 40085 40062 40038
 40022 40017 40020 40073 40031 40089 40091 40043 40064 40095
 40094 40084 40031 40044 40074 40055 40040 40029 40007 40003
 40072 40011 40084 40014 40058 40063 40068 40068 40009 40015
 40048 40086 40093 40013 40017 40099 40005 40046 40081 40054
 40047 40025 40066 40051 40075

Array Size = 41
 41005 41005 41007 41009 41011 41012 41014 41015 41017 41019
 41020 41022 41022 41022 41024 41024 41024 41028 41029 41030
 41031 41045 41046 41047 41053 41058 41062 41064 41066 41067
 41071 41078 41080 41082 41087 41094 41094 41095 41098 41098
 41098

Array Size = 62
 42014 42038 42094 42078 42012 42030 42083 42006 42014 42005
 42022 42093 42000 42095 42046 42098 42095 42006 42068 42052
 42022 42014 42070 42087 42005 42047 42038 42044 42085 42015
 42080 42094 42018 42038 42084 42025 42078 42088 42046 42072
 42015 42009 42043 42015 42067 42074 42097 42019 42082 42080
 42048 42032 42047 42017 42009 42085 42031 42025 42037 42060
 42020 42052

Array Size = 69
 43001 43002 43002 43006 43007 43010 43010 43010 43011 43014
 43015 43017 43018 43019 43020 43022 43022 43022 43025 43028
 43029 43029 43032 43033 43033 43033 43034 43034 43039 43039
 43043 43045 43048 43048 43049 43049 43049 43049 43054 43054
 43054 43055 43058 43061 43062 43062 43066 43068 43069 43069
 43075 43076 43077 43079 43081 43082 43083 43083 43085 43086
 43091 43093 43093 43095 43097 43097 43098 43098 43099

Array Size = 22
 44049 44032 44031 44091 44042 44053 44008 44061 44013 44067
 44063 44053 44061 44007 44078 44027 44091 44084 44093 44094
 44093 44059

Array Size = 60
 45003 45003 45004 45005 45006 45007 45007 45008 45009 45009
 45010 45013 45014 45015 45016 45019 45019 45028 45030 45039
 45040 45040 45040 45040 45043 45046 45046 45046 45048 45050
 45050 45051 45055 45056 45056 45056 45056 45059 45061 45063
 45067 45067 45074 45078 45080 45082 45082 45082 45083 45085
 45087 45088 45089 45089 45090 45091 45095 45096 45096 45097


Array Size = 34
 46016 46081 46025 46005 46064 46052 46044 46049 46070 46075
 46075 46090 46006 46013 46052 46041 46039 46071 46021 46069
 46096 46091 46059 46046 46014 46076 46067 46091 46099 46074
 46048 46066 46000 46019

Array Size = 84
 47001 47001 47004 47005 47006 47007 47009 47011 47013 47014
 47020 47020 47021 47022 47023 47023 47024 47025 47028 47029
 47030 47030 47030 47031 47031 47031 47032 47034 47039 47040
 47041 47041 47041 47044 47046 47046 47047 47047 47047 47047
 47050 47050 47050 47052 47053 47054 47054 47055 47055 47056
 47057 47058 47058 47058 47059 47059 47060 47061 47063 47063
 47063 47064 47067 47069 47069 47069 47070 47070 47071 47073
 47073 47076 47083 47087 47087 47087 47092 47092 47093 47094
 47094 47095 47097 47098

Array Size = 58
 48010 48044 48075 48032 48027 48057 48039 48000 48097 48053
 48040 48079 48095 48087 48018 48018 48000 48062 48009 48051
 48008 48001 48090 48043 48099 48078 48012 48073 48096 48093
 48058 48054 48054 48016 48098 48053 48080 48014 48082 48016
 48057 48091 48036 48076 48031 48079 48043 48051 48035 48009
 48051 48088 48006 48051 48049 48086 48058 48004

Array Size = 26
 49004 49015 49019 49022 49025 49028 49030 49032 49034 49034
 49037 49044 49046 49052 49059 49063 49066 49070 49071 49071
 49071 49079 49081 49081 49096 49099

Array Size = 97
 50029 50044 50091 50055 50058 50029 50075 50073 50029 50074
 50008 50074 50092 50000 50076 50051 50050 50020 50019 50042
 50057 50007 50083 50039 50065 50075 50061 50011 50006 50099
 50078 50074 50001 50099 50077 50092 50057 50094 50084 50026
 50023 50012 50022 50023 50042 50054 50060 50088 50051 50005
 50058 50086 50070 50049 50046 50014 50061 50075 50069 50006
 50092 50044 50097 50017 50023 50052 50039 50061 50084 50097
 50012 50027 50054 50028 50003 50016 50004 50027 50047 50039
 50061 50023 50008 50074 50046 50024 50021 50094 50024 50080
 50001 50050 50088 50014 50024 50032 50029

Array Size = 32
 51001 51003 51007 51012 51015 51019 51021 51022 51022 51024
 51025 51038 51043 51045 51047 51049 51049 51055 51060 51061
 51070 51070 51077 51078 51079 51080 51083 51086 51096 51097
 51097 51098

Array Size = 46
 52007 52032 52043 52063 52020 52076 52001 52069 52007 52001
 52003 52055 52033 52050 52057 52041 52025 52008 52086 52054
 52025 52018 52013 52025 52089 52019 52066 52082 52048 52013
 52065 52027 52086 52007 52060 52052 52034 52072 52099 52024
 52051 52052 52069 52066 52035 52085

Array Size = 76
 53000 53000 53002 53006 53006 53010 53013 53013 53013 53014
 53015 53016 53016 53017 53019 53020 53023 53024 53025 53025
 53029 53032 53033 53034 53036 53036 53036 53037 53038 53040
 53041 53041 53042 53043 53043 53044 53044 53044 53045 53047
 53050 53050 53051 53053 53054 53058 53058 53062 53063 53064
 53064 53065 53067 53068 53068 53068 53071 53073 53073 53075
 53078 53079 53079 53081 53082 53084 53087 53088 53088 53090
 53093 53094 53095 53097 53098 53098

Array Size = 61
 54017 54047 54032 54061 54047 54005 54089 54081 54061 54098
 54025 54038 54031 54043 54004 54048 54023 54070 54076 54008
 54065 54042 54086 54055 54061 54059 54055 54006 54053 54043
 54084 54037 54098 54085 54020 54035 54088 54026 54046 54093
 54093 54068 54034 54054 54034 54056 54089 54018 54059 54093
 54084 54090 54026 54092 54020 54048 54096 54058 54037 54099
 54083

Array Size = 73
 55000 55001 55001 55001 55003 55004 55006 55006 55006 55007
 55007 55008 55010 55012 55014 55015 55015 55015 55015 55019
 55019 55020 55021 55021 55024 55028 55030 55031 55034 55034
 55036 55037 55039 55039 55040 55043 55043 55043 55044 55049
 55050 55053 55054 55054 55054 55058 55060 55061 55061 55064
 55066 55066 55067 55068 55070 55070 55074 55075 55076 55078
 55078 55080 55082 55083 55085 55087 55087 55088 55093 55094
 55095 55096 55097

Array Size = 51
 56081 56063 56039 56095 56054 56013 56082 56061 56099 56031
 56074 56070 56076 56020 56083 56034 56013 56075 56021 56021
 56095 56041 56017 56066 56099 56096 56024 56037 56092 56019
 56016 56077 56067 56083 56036 56066 56030 56022 56025 56041
 56070 56078 56008 56018 56017 56072 56085 56089 56062 56022
 56045

Array Size = 39
 57000 57001 57003 57008 57010 57010 57012 57013 57016 57017
 57020 57020 57021 57021 57023 57023 57026 57033 57033 57035
 57037 57038 57040 57049 57053 57053 57054 57055 57061 57062
 57070 57074 57075 57082 57084 57084 57085 57086 57088

Array Size = 78
 58060 58001 58035 58015 58013 58034 58067 58067 58003 58074
 58071 58061 58036 58078 58034 58079 58033 58076 58051 58025
 58086 58034 58064 58076 58028 58017 58045 58049 58084 58070
 58031 58009 58007 58064 58095 58036 58053 58056 58020 58006
 58089 58072 58014 58017 58067 58085 58057 58091 58036 58028
 58073 58016 58033 58006 58032 58046 58009 58053 58052 58017
 58040 58098 58044 58082 58039 58043 58073 58010 58060 58036
 58070 58011 58003 58051 58079 58040 58034 58059

Array Size = 47
 59002 59004 59005 59008 59009 59012 59013 59016 59016 59019
 59024 59024 59027 59027 59029 59031 59034 59034 59036 59036
 59037 59037 59038 59040 59041 59043 59045 59045 59045 59054
 59057 59057 59057 59059 59059 59062 59068 59069 59075 59075
 59078 59081 59082 59085 59090 59093 59099

Array Size = 98
 60042 60098 60023 60051 60029 60013 60013 60005 60039 60040
 60018 60030 60078 60029 60033 60022 60083 60034 60056 60059
 60063 60060 60083 60085 60007 60063 60087 60017 60012 60081
 60072 60080 60089 60015 60074 60045 60078 60095 60012 60073
 60037 60077 60071 60099 60025 60022 60060 60032 60065 60050
 60072 60026 60054 60010 60022 60098 60026 60028 60051 60020
 60063 60011 60045 60092 60065 60094 60021 60017 60096 60093
 60077 60052 60031 60073 60065 60054 60068 60012 60033 60019
 60016 60029 60068 60080 60003 60052 60011 60018 60077 60042
 60027 60035 60055 60064 60052 60022 60065 60097

Array Size = 62
 61000 61002 61004 61005 61005 61008 61009 61014 61015 61015
 61016 61019 61019 61023 61026 61029 61029 61030 61030 61030
 61032 61034 61034 61036 61036 61036 61038 61038 61038 61041
 61043 61045 61047 61048 61048 61049 61051 61056 61058 61059
 61060 61060 61062 61065 61069 61069 61070 61071 61076 61076
 61080 61084 61085 61085 61086 61088 61088 61091 61092 61094
 61096 61098

Array Size = 30
 62012 62027 62067 62028 62091 62005 62080 62066 62050 62057
 62079 62076 62030 62025 62095 62000 62058 62096 62088 62092
 62009 62070 62023 62047 62009 62079 62062 62085 62054 62004


Array Size = 49
 63004 63007 63007 63008 63013 63015 63015 63018 63018 63020
 63021 63023 63026 63027 63027 63027 63028 63029 63031 63032
 63034 63034 63035 63038 63043 63044 63044 63047 63055 63056
 63056 63057 63059 63059 63060 63066 63070 63074 63074 63074
 63076 63080 63086 63086 63093 63096 63096 63096 63097

Array Size = 65
 64097 64000 64010 64030 64041 64085 64052 64086 64072 64008
 64076 64073 64078 64012 64026 64022 64000 64027 64029 64062
 64076 64061 64046 64059 64065 64048 64094 64020 64066 64001
 64036 64022 64009 64024 64072 64039 64087 64092 64025 64000
 64030 64035 64091 64073 64037 64096 64026 64016 64076 64004
 64022 64037 64007 64061 64010 64001 64078 64035 64001 64038
 64094 64073 64024 64047 64071

Array Size = 90
 65000 65002 65003 65005 65009 65010 65010 65012 65013 65013
 65015 65019 65020 65020 65022 65023 65025 65026 65027 65029
 65029 65030 65033 65033 65036 65036 65038 65039 65039 65040
 65042 65042 65042 65042 65043 65044 65044 65045 65046 65048
 65048 65049 65049 65052 65053 65054 65055 65056 65057 65058
 65058 65059 65061 65061 65062 65063 65065 65066 65067 65068
 65069 65070 65072 65073 65074 65078 65079 65080 65080 65081
 65081 65081 65082 65082 65082 65083 65083 65085 65085 65087
 65087 65089 65090 65090 65093 65094 65095 65095 65098 65099


Array Size = 21
 66032 66049 66014 66097 66033 66033 66099 66030 66055 66021
 66016 66016 66045 66098 66069 66065 66083 66041 66060 66087
 66037

Array Size = 33
 67002 67003 67004 67006 67006 67011 67018 67020 67023 67024
 67025 67034 67036 67037 67037 67037 67040 67044 67045 67047
 67049 67052 67053 67058 67066 67066 67072 67078 67087 67089
 67094 67097 67098

Array Size = 46
 68012 68017 68039 68033 68054 68071 68011 68008 68076 68025
 68043 68076 68007 68026 68026 68073 68021 68031 68096 68045
 68041 68099 68056 68025 68018 68096 68052 68020 68065 68090
 68087 68026 68079 68083 68012 68094 68072 68068 68067 68003
 68073 68024 68026 68098 68095 68058

Array Size = 67
 69000 69000 69001 69001 69003 69008 69009 69010 69012 69013
 69014 69014 69017 69017 69018 69027 69029 69033 69034 69035
 69035 69037 69038 69039 69041 69041 69043 69043 69044 69044
 69044 69045 69049 69050 69052 69053 69055 69060 69060 69062
 69062 69065 69065 69067 69068 69069 69071 69071 69072 69072
 69072 69074 69074 69075 69076 69078 69078 69080 69081 69089
 69089 69090 69091 69095 69098 69098 69099

Array Size = 20
 70008 70031 70057 70060 70003 70080 70085 70011 70083 70099
 70076 70088 70079 70084 70003 70035 70077 70088 70064 70000


Array Size = 55
 71001 71005 71006 71006 71011 71012 71014 71015 71019 71020
 71020 71021 71021 71022 71023 71025 71027 71033 71034 71035
 71035 71037 71037 71038 71040 71041 71042 71046 71046 71047
 71056 71061 71064 71065 71066 71067 71068 71070 71071 71072
 71073 71073 71077 71080 71081 71082 71083 71083 71087 71089
 71089 71090 71091 71097 71097

Array Size = 11
 72067 72045 72087 72069 72058 72000 72026 72000 72030 72049
 72073

Array Size = 58
 73001 73002 73002 73003 73005 73007 73008 73009 73014 73020
 73021 73023 73024 73025 73028 73029 73029 73035 73037 73037
 73039 73040 73041 73042 73043 73044 73045 73046 73046 73048
 73051 73052 73053 73055 73056 73059 73060 73060 73061 73062
 73064 73065 73066 73068 73070 73071 73073 73075 73081 73082
 73086 73086 73086 73088 73089 73091 73092 73097

Array Size = 93
 74015 74037 74099 74002 74062 74013 74054 74011 74096 74064
 74022 74037 74063 74063 74088 74050 74050 74076 74026 74065
 74093 74003 74032 74096 74047 74010 74012 74020 74028 74049
 74044 74065 74042 74021 74072 74069 74036 74038 74099 74040
 74060 74083 74084 74006 74012 74062 74094 74041 74039 74079
 74028 74005 74084 74092 74066 74021 74041 74081 74099 74011
 74004 74010 74013 74038 74006 74082 74045 74094 74045 74053
 74012 74023 74039 74000 74065 74022 74059 74059 74090 74001
 74017 74017 74094 74057 74037 74062 74043 74074 74075 74071
 74029 74057 74061

Array Size = 30
 75005 75005 75013 75019 75019 75022 75022 75023 75024 75032
 75034 75035 75035 75039 75046 75048 75049 75056 75056 75059
 75060 75072 75075 75076 75082 75086 75088 75095 75098 75099


Array Size = 15
 76007 76079 76076 76023 76086 76048 76019 76098 76063 76010
 76087 76075 76050 76083 76024

Array Size = 33
 77006 77012 77015 77016 77017 77017 77019 77023 77027 77027
 77028 77030 77034 77034 77037 77040 77041 77041 77042 77044
 77045 77048 77048 77049 77050 77057 77059 77062 77064 77065
 77078 77093 77093

Array Size = 96
 78071 78028 78058 78020 78058 78050 78057 78006 78045 78052
 78061 78059 78048 78097 78076 78027 78090 78062 78080 78020
 78087 78041 78047 78004 78028 78019 78067 78089 78087 78098
 78027 78038 78040 78052 78083 78060 78084 78065 78045 78095
 78081 78076 78057 78047 78070 78087 78092 78035 78082 78093
 78090 78088 78027 78044 78066 78034 78036 78095 78001 78013
 78009 78047 78089 78075 78046 78004 78081 78022 78072 78008
 78077 78090 78096 78094 78061 78014 78021 78056 78094 78044
 78029 78075 78020 78031 78024 78040 78013 78027 78004 78040
 78037 78075 78091 78022 78077 78044

Array Size = 25
 79000 79002 79002 79009 79011 79018 79022 79022 79024 79026
 79030 79031 79044 79055 79055 79061 79063 79067 79072 79076
 79080 79080 79081 79087 79097

Array Size = 71
 80074 80054 80023 80055 80055 80044 80088 80064 80099 80054
 80067 80088 80052 80097 80095 80022 80090 80001 80070 80014
 80020 80064 80071 80077 80060 80040 80094 80077 80038 80001
 80018 80066 80024 80079 80085 80022 80017 80027 80020 80019
 80049 80053 80046 80033 80071 80099 80007 80021 80051 80018
 80023 80026 80051 80030 80090 80032 80049 80076 80083 80054
 80065 80042 80015 80024 80001 80021 80092 80099 80052 80069
 80039

Array Size = 97
 81000 81004 81004 81008 81008 81008 81009 81009 81012 81013
 81015 81019 81021 81022 81024 81024 81024 81025 81026 81027
 81027 81028 81028 81029 81032 81034 81034 81035 81036 81037
 81039 81040 81041 81041 81042 81042 81047 81047 81050 81051
 81053 81053 81053 81053 81054 81055 81055 81056 81058 81059
 81060 81060 81061 81062 81062 81063 81063 81064 81065 81066
 81066 81066 81068 81068 81069 81069 81070 81070 81071 81074
 81076 81076 81076 81076 81078 81080 81082 81082 81082 81084
 81084 81085 81086 81087 81090 81090 81091 81091 81091 81091
 81092 81092 81094 81094 81095 81098 81099

Array Size = 91
 82089 82033 82097 82030 82086 82056 82058 82064 82049 82053
 82015 82011 82057 82048 82082 82089 82043 82080 82089 82058
 82081 82033 82052 82092 82063 82012 82004 82069 82029 82045
 82097 82084 82015 82067 82057 82000 82042 82059 82061 82006
 82048 82014 82008 82013 82079 82085 82008 82010 82008 82094
 82083 82088 82098 82071 82087 82081 82081 82035 82097 82046
 82098 82018 82081 82030 82057 82056 82079 82071 82031 82093
 82044 82056 82095 82087 82006 82082 82089 82093 82087 82006
 82064 82084 82015 82054 82011 82028 82095 82092 82096 82083
 82034

Array Size = 94
 83002 83003 83004 83004 83005 83005 83005 83006 83006 83009
 83009 83010 83010 83010 83010 83011 83012 83012 83013 83014
 83015 83016 83016 83018 83019 83022 83023 83024 83025 83026
 83027 83027 83028 83030 83030 83031 83031 83032 83032 83032
 83033 83034 83034 83037 83040 83041 83042 83045 83045 83046
 83047 83053 83053 83054 83058 83059 83060 83060 83060 83061
 83063 83065 83066 83067 83068 83069 83070 83072 83073 83073
 83075 83075 83077 83077 83079 83079 83080 83082 83083 83083
 83083 83084 83084 83086 83087 83088 83088 83089 83090 83093
 83095 83099 83099 83099

Array Size = 11
 84021 84085 84028 84053 84013 84077 84028 84021 84005 84019
 84014

Array Size = 49
 85003 85005 85015 85017 85019 85020 85024 85029 85033 85034
 85034 85037 85037 85037 85042 85043 85045 85046 85046 85048
 85048 85049 85051 85055 85057 85061 85063 85065 85066 85070
 85071 85071 85074 85074 85075 85077 85077 85077 85079 85082
 85088 85089 85092 85095 85097 85097 85097 85098 85099

Array Size = 57
 86075 86051 86005 86069 86078 86068 86037 86079 86031 86091
 86085 86068 86077 86093 86094 86016 86022 86075 86069 86031
 86007 86018 86069 86023 86027 86025 86061 86054 86074 86098
 86013 86044 86065 86051 86081 86030 86039 86086 86089 86027
 86086 86084 86038 86014 86049 86056 86048 86070 86075 86001
 86046 86052 86020 86040 86090 86014 86055

Array Size = 97
 87001 87001 87001 87002 87002 87002 87003 87006 87009 87011
 87014 87017 87017 87018 87018 87019 87020 87020 87023 87025
 87026 87028 87030 87031 87031 87032 87033 87034 87035 87036
 87037 87037 87040 87042 87042 87043 87043 87044 87044 87044
 87046 87046 87048 87050 87051 87051 87052 87053 87056 87058
 87060 87060 87061 87063 87064 87064 87064 87066 87066 87066
 87067 87068 87070 87071 87071 87074 87074 87075 87075 87075
 87076 87077 87077 87077 87078 87079 87082 87082 87085 87086
 87086 87087 87087 87087 87089 87089 87091 87092 87093 87093
 87093 87096 87097 87097 87099 87099 87099

Array Size = 97
 88043 88043 88094 88090 88042 88076 88069 88081 88073 88065
 88089 88037 88007 88068 88023 88071 88097 88093 88088 88056
 88076 88089 88030 88000 88027 88072 88066 88059 88023 88078
 88067 88071 88073 88031 88053 88059 88075 88021 88016 88032
 88014 88078 88006 88072 88052 88088 88044 88058 88028 88090
 88052 88032 88033 88003 88045 88035 88025 88049 88033 88091
 88075 88013 88031 88059 88084 88010 88011 88032 88060 88006
 88019 88072 88077 88012 88038 88004 88081 88008 88094 88076
 88092 88024 88073 88005 88008 88032 88055 88007 88069 88059
 88090 88073 88033 88020 88060 88079 88052

Array Size = 97
 89000 89000 89000 89001 89001 89001 89002 89002 89005 89006
 89006 89006 89008 89009 89010 89010 89010 89013 89014 89015
 89018 89018 89019 89021 89022 89025 89025 89025 89025 89027
 89028 89028 89029 89031 89032 89032 89034 89034 89036 89036
 89037 89038 89040 89041 89041 89042 89043 89044 89046 89046
 89047 89048 89049 89049 89050 89051 89052 89054 89055 89055
 89056 89059 89059 89060 89061 89061 89064 89064 89065 89065
 89071 89071 89071 89072 89073 89074 89074 89076 89076 89076
 89076 89081 89081 89081 89083 89083 89086 89088 89090 89091
 89092 89093 89095 89096 89097 89098 89098

Array Size = 47
 90025 90073 90061 90037 90007 90008 90011 90003 90018 90045
 90050 90037 90030 90030 90022 90023 90065 90096 90008 90019
 90085 90040 90051 90016 90062 90031 90086 90034 90093 90034
 90079 90009 90078 90099 90006 90046 90078 90077 90089 90058
 90056 90021 90070 90023 90063 90015 90043

Array Size = 96
 91000 91002 91005 91005 91007 91007 91008 91012 91016 91016
 91017 91020 91021 91025 91025 91027 91028 91028 91028 91029
 91029 91030 91031 91031 91033 91034 91034 91036 91036 91037
 91037 91038 91039 91041 91042 91042 91045 91045 91045 91045
 91046 91047 91047 91050 91051 91054 91055 91055 91055 91056
 91056 91057 91059 91059 91059 91060 91060 91061 91061 91063
 91064 91064 91064 91065 91066 91068 91068 91069 91069 91070
 91071 91071 91073 91073 91073 91074 91075 91076 91078 91080
 91080 91081 91083 91083 91083 91085 91086 91086 91086 91089
 91090 91090 91091 91092 91098 91099

Array Size = 38
 92011 92011 92060 92044 92035 92019 92007 92060 92033 92070
 92063 92042 92045 92057 92051 92032 92029 92074 92074 92059
 92027 92045 92095 92019 92037 92066 92076 92056 92040 92009
 92066 92014 92094 92012 92084 92057 92036 92022

Array Size = 62
 93001 93001 93001 93002 93007 93008 93009 93009 93012 93015
 93021 93021 93022 93022 93023 93023 93023 93024 93024 93027
 93028 93029 93029 93030 93033 93036 93037 93038 93057 93058
 93060 93061 93061 93063 93065 93065 93067 93068 93068 93069
 93071 93071 93072 93072 93072 93072 93073 93073 93074 93077
 93078 93079 93080 93080 93082 93084 93085 93085 93086 93089
 93097 93097

Array Size = 23
 94089 94053 94043 94058 94004 94074 94068 94092 94024 94031
 94043 94063 94033 94090 94051 94021 94062 94017 94028 94067
 94015 94020 94073

Array Size = 75
 95000 95005 95006 95006 95007 95008 95010 95013 95014 95016
 95019 95020 95024 95025 95025 95028 95028 95028 95030 95030
 95033 95036 95038 95038 95039 95040 95040 95040 95041 95042
 95044 95044 95044 95046 95047 95051 95053 95053 95054 95054
 95054 95055 95055 95056 95058 95059 95061 95061 95063 95064
 95064 95065 95065 95067 95067 95068 95068 95068 95069 95073
 95073 95075 95075 95076 95077 95081 95083 95083 95084 95084
 95084 95085 95089 95090 95095

Array Size = 95
 96065 96035 96031 96027 96054 96059 96018 96046 96069 96033
 96083 96080 96014 96094 96003 96077 96088 96041 96029 96075
 96082 96026 96054 96077 96096 96017 96008 96052 96024 96027
 96084 96003 96050 96035 96086 96082 96096 96078 96081 96012
 96044 96016 96053 96055 96060 96057 96087 96055 96065 96015
 96005 96002 96032 96032 96000 96041 96031 96025 96054 96036
 96016 96042 96087 96007 96066 96093 96003 96027 96008 96084
 96083 96074 96010 96016 96028 96053 96019 96080 96025 96084
 96022 96043 96028 96065 96042 96091 96088 96011 96058 96033
 96057 96028 96043 96014 96093

Array Size = 19
 97007 97009 97014 97021 97030 97035 97041 97042 97048 97048
 97070 97075 97078 97086 97086 97087 97090 97094 97096

Array Size = 17
 98004 98077 98082 98033 98098 98076 98006 98000 98061 98065
 98037 98049 98032 98003 98071 98058 98039

Array Size = 40
 99000 99007 99007 99007 99008 99009 99014 99017 99020 99024
 99025 99027 99027 99029 99030 99031 99032 99036 99040 99040
 99041 99044 99047 99048 99051 99052 99056 99057 99058 99061
 99068 99077 99080 99081 99084 99085 99085 99086 99090 99097

7015 97016 97016 97017 97019 97021 97023 97024 97024
 97025 97026 97032 97032 97034 97035 97036 97038 97040 97043
 97043 97044 97044 97044 97048 97050 97050 97050 97053 97055
 97056 97056 97060 97062 97063 97064 97064 97065 97066 97071
 97072 97075 97075 97077 97078 97078 97079 97084 97084 97084
 97085 97085 97085 97087 97088 97089 97091 97091 97091 97091
 97091 97093 97093 97093 97094 97094 97095 97096 97096 97096
 97098 97099

Array Size = 10
 98006 98039 98072 98028 98040 98070 98058 98044 98054 98085


Array Size = 81
 99000 99001 99005 99005 99009 99009 99009 99010 99011 99011
 99014 99016 99016 99018 99021 99022 99022 99023 99023 99023
 99023 99025 99025 99026 99027 99029 99030 99031 99032 99033
 99033 99035 99036 99036 99038 99039 99040 99041 99042 99042
 99044 99045 99046 99046 99047 99048 99052 99053 99054 99057
 99058 99058 99060 99064 99064 99066 99066 99067 99067 99069
 99070 99073 99074 99074 99074 99076 99078 99080 99081 99081
 99081 99082 99082 99087 99088 99089 99089 99089 99097 99099
 99099
